===0/100===
-54  15 3 20 3 6 0 7 11 27 15 27 10 7 19 25 12 19 27 18 12 4 16 24 4 24 0 0 0 9 17 24 4
-58  9 25 9 11 7 1 18 22 2 23 7 18 11 9 21 16 23 14 14 12 5 12 16 14 17 14 7 0 4 20 13 4
-59  18 22 7 22 2 10 22 22 15 10 4 4 21 0 10 21 6 26 26 17 9 0 24 7 22 27 6 25 5 17 2 23
===1/100===
-54  15 3 20 3 6 0 7 11 27 15 27 10 7 19 25 12 19 27 18 12 4 16 24 4 24 0 0 0 9 17 24 4
-54  15 3 20 3 6 0 7 11 27 15 27 10 24 19 25 12 19 27 18 12 4 16 24 4 24 0 0 0 9 17 24 4
-55  2 2 26 10 22 24 23 20 16 19 16 25 18 6 23 1 18 9 2 3 20 4 0 3 10 4 0 16 21 26 14 14
===2/100===
-54  15 3 20 3 6 0 7 11 27 15 27 10 7 19 25 12 19 27 18 12 4 16 24 4 24 0 0 0 9 17 24 4
-54  15 3 20 3 6 0 7 11 27 15 27 10 24 19 25 12 19 27 18 12 4 16 24 4 24 0 0 0 9 17 24 4
-55  21 12 7 11 25 22 15 18 22 5 17 17 12 16 23 15 10 15 23 23 11 11 19 21 10 15 3 17 12 26 5 20
===3/100===
-54  15 3 20 3 6 0 7 11 27 15 27 10 7 19 25 12 19 27 18 12 4 16 24 4 24 0 0 0 9 17 24 4
-54  15 3 20 3 6 0 7 11 27 15 27 10 24 19 25 12 19 27 18 12 4 16 24 4 24 0 0 0 9 17 24 4
-54  14 19 26 18 1 13 1 5 24 5 17 17 12 16 17 15 10 15 23 20 13 26 6 6 22 14 18 14 4 12 19 9
===4/100===
-52  1 8 13 8 23 20 11 23 27 5 11 14 22 11 6 18 18 27 15 27 1 8 1 18 15 11 4 21 0 12 5 11
-53  6 5 24 7 16 6 26 21 15 22 16 26 9 2 9 16 16 12 20 23 15 8 15 10 20 15 8 1 23 23 16 0
-54  17 2 19 24 19 24 17 17 9 20 4 11 6 8 24 21 22 24 20 25 25 23 20 26 7 26 19 7 24 20 20 13
===5/100===
-50  21 12 7 11 25 22 15 18 22 5 17 17 12 16 23 15 10 15 23 4 11 23 20 15 3 16 9 19 26 26 17 21
-51  20 25 16 11 14 26 21 1 10 25 15 15 11 23 6 14 7 19 4 21 5 17 12 23 19 19 4 16 0 22 3 12
-52  21 12 7 11 25 22 15 18 22 5 17 17 12 16 23 15 10 15 23 23 11 11 19 21 10 15 3 17 25 6 6 13
===6/100===
-50  21 12 7 11 25 22 15 18 22 5 17 17 12 16 23 15 10 15 23 4 11 23 20 15 3 16 9 19 26 26 17 21
-51  21 26 7 11 25 22 15 18 22 5 17 17 12 16 23 15 10 15 23 20 4 16 24 4 24 0 0 0 9 17 5 11
-51  20 25 16 11 14 26 21 1 10 25 15 15 11 23 6 14 7 19 4 21 5 17 12 23 19 19 4 16 0 22 3 12
===7/100===
-48  1 8 13 8 23 15 8 0 1 8 13 11 20 6 25 10 10 22 15 23 11 11 4 11 26 14 7 0 4 20 13 4
-49  24 12 24 12 17 12 1 11 20 14 24 5 14 19 4 4 9 25 25 20 13 18 1 10 19 4 0 16 21 26 14 14
-49  1 8 13 8 23 15 8 20 16 19 16 25 18 6 18 1 18 9 2 3 20 4 0 3 17 24 3 3 23 23 6 13
===8/100===
-43  14 19 26 18 1 13 1 5 24 5 17 5 14 19 4 4 9 25 25 20 13 18 1 10 19 4 0 16 21 26 14 14
-47  14 19 26 18 1 13 1 5 24 5 17 17 12 16 9 21 5 9 2 3 20 4 0 3 10 4 0 16 21 26 14 14
-47  15 3 20 3 6 0 7 11 16 19 16 25 18 6 23 18 1 18 18 2 5 9 25 8 16 18 6 14 18 13 25 18
===9/100===
-43  14 19 26 18 1 13 1 5 24 5 17 5 14 19 4 4 9 25 25 20 13 18 1 10 19 4 0 16 21 26 14 14
-45  14 19 26 18 1 13 1 5 24 5 17 5 14 19 4 4 9 25 25 20 13 18 1 10 19 4 0 16 21 26 14 13
-46  1 8 13 8 23 15 8 0 1 8 13 11 20 25 25 10 10 22 15 23 11 11 4 11 26 14 7 0 4 20 13 4
===10/100===
-43  14 19 26 18 1 13 1 5 24 5 17 5 14 19 4 4 9 25 25 20 13 18 1 10 19 4 0 16 21 26 14 14
-43  14 19 26 18 1 13 1 5 24 5 17 5 14 19 4 4 9 25 25 20 13 18 1 10 19 4 0 16 21 26 14 14
-44  17 2 19 24 19 24 17 17 9 0 4 11 20 6 25 10 10 27 15 23 11 11 4 11 26 14 7 0 4 20 13 4
===11/100===
-43  14 19 26 18 1 13 1 5 24 5 17 5 14 19 4 4 9 25 25 20 13 18 1 10 19 4 0 16 21 26 14 14
-43  14 19 26 18 1 13 21 5 24 5 17 5 14 19 4 4 9 25 25 20 13 18 1 10 19 4 0 16 21 26 14 14
-43  14 19 26 18 1 13 1 5 24 5 17 5 14 19 4 4 9 25 25 20 13 18 1 10 19 4 0 16 21 26 14 14
===12/100===
-41  14 19 26 18 1 13 21 5 24 5 17 5 14 19 4 4 9 25 25 20 13 18 1 10 1 2 14 21 26 14 2 2
-42  14 19 26 18 1 13 1 18 22 5 17 5 14 19 4 4 9 25 25 20 13 18 1 10 19 7 0 16 21 26 14 14
-43  14 19 26 18 1 13 1 5 24 5 17 5 14 19 4 4 9 25 25 20 13 18 1 10 19 4 0 16 21 26 14 14
===13/100===
-40  14 19 26 18 1 13 1 5 24 5 17 17 12 19 4 4 9 25 25 20 13 18 1 10 19 4 11 23 23 23 6 13
-41  14 19 26 18 1 13 1 5 24 5 17 5 14 19 4 4 9 25 25 20 13 18 1 10 19 4 9 16 21 26 14 14
-41  14 19 26 18 1 13 1 5 24 5 17 5 14 19 25 4 9 25 25 20 13 18 1 10 10 15 3 3 23 23 6 13
===14/100===
-40  14 19 26 18 1 13 1 5 24 5 17 17 12 19 4 4 9 25 25 20 13 18 1 10 19 4 11 23 23 23 6 13
-40  14 19 26 18 1 13 1 5 24 5 17 17 12 19 4 4 9 25 25 20 13 18 1 10 19 19 11 23 23 23 6 13
-41  14 19 26 18 1 13 1 5 24 5 17 5 14 19 4 4 9 25 25 20 13 18 1 10 19 4 9 16 21 26 14 14
===15/100===
-40  14 19 26 18 1 13 1 5 24 5 17 17 12 19 4 4 9 25 25 20 13 18 1 10 19 4 11 23 23 23 6 13
-40  14 19 26 18 1 13 1 5 24 5 17 17 12 19 4 4 9 25 25 20 13 18 1 10 19 19 11 23 23 23 6 13
-40  17 2 19 24 19 24 24 5 24 5 17 5 14 6 25 10 10 27 15 23 11 11 4 11 26 14 7 0 4 9 13 4
===16/100===
-39  14 19 26 18 1 13 1 5 24 5 17 17 12 19 4 4 9 25 25 20 13 18 1 10 4 4 9 16 21 26 14 14
-40  14 19 26 18 1 13 1 5 24 5 17 17 12 19 4 4 9 25 25 20 13 18 1 10 19 4 11 23 23 23 6 13
-40  14 19 26 18 1 13 1 5 24 5 17 17 12 19 4 4 9 25 25 20 13 18 1 10 19 19 11 23 23 23 6 13
===17/100===
-39  14 19 26 18 1 13 1 5 24 5 17 17 12 19 4 4 9 25 25 20 13 18 1 10 4 4 9 16 21 26 14 14
-40  14 19 26 18 1 13 1 5 24 5 17 17 12 16 23 15 10 15 23 4 11 23 20 15 3 16 9 16 21 9 14 14
-40  14 19 26 18 1 13 1 5 24 5 17 17 12 16 23 15 10 15 23 4 11 4 20 15 3 16 9 16 21 26 14 14
===18/100===
-38  1 13 25 6 25 20 15 18 18 5 17 17 12 19 4 4 9 25 20 20 13 13 8 8 20 15 8 1 23 23 16 11
-39  14 19 26 18 1 13 1 5 24 5 17 17 12 19 4 4 9 25 25 20 13 18 1 10 4 4 9 16 21 26 14 14
-39  14 19 26 18 1 13 1 5 24 5 17 17 12 19 4 4 9 25 25 20 13 18 1 10 4 4 9 16 21 26 14 14
===19/100===
-38  1 13 25 6 25 20 15 18 18 5 17 17 12 19 4 4 9 25 20 20 13 13 8 8 20 15 8 1 23 23 16 11
-39  14 26 26 18 1 13 1 5 24 5 17 5 14 19 4 4 9 25 25 20 13 18 1 18 10 15 3 3 23 23 6 13
-39  14 19 26 18 1 13 1 5 24 5 17 17 12 19 4 4 9 25 25 20 13 20 1 10 4 4 9 16 21 26 14 14
===20/100===
-38  1 13 25 6 25 20 15 18 18 5 17 17 12 19 4 4 9 25 20 20 13 13 8 8 20 15 8 1 23 23 16 11
-38  1 13 25 6 25 20 15 18 18 5 17 17 12 19 4 4 9 25 20 20 13 18 1 18 10 15 3 3 23 23 6 13
-38  14 19 19 24 19 24 17 17 24 5 17 5 14 19 4 4 9 25 25 20 13 18 3 10 1 2 14 7 26 14 2 2
===21/100===
-38  1 13 25 6 25 20 15 18 18 5 17 17 12 19 4 4 9 25 20 20 13 13 8 8 20 15 8 1 23 23 16 11
-38  1 13 25 6 25 20 15 18 18 5 17 17 12 19 4 4 9 25 20 20 13 18 1 18 10 15 3 3 23 23 6 13
-38  14 19 19 24 19 24 17 17 24 5 17 5 14 19 4 4 9 25 25 20 13 18 3 10 1 2 14 7 26 14 2 2
===22/100===
-37  14 19 19 24 19 24 17 17 24 5 17 5 14 19 4 4 9 25 25 20 13 18 1 10 4 4 9 16 21 26 14 14
-37  14 19 19 24 19 24 17 17 24 5 17 5 14 19 4 4 9 25 25 20 13 18 1 20 19 4 11 23 23 23 6 13
-37  14 19 26 18 1 13 1 5 24 5 17 5 14 14 9 4 9 25 25 20 13 18 1 13 4 4 9 16 21 26 14 14
===23/100===
-37  14 19 19 24 19 24 17 17 24 5 17 5 14 19 4 4 9 25 25 20 13 18 1 10 4 4 9 16 21 26 14 14
-37  1 8 13 8 1 13 1 5 24 5 24 17 12 19 4 4 9 25 25 20 13 18 1 13 1 2 14 21 26 2 2 2
-37  14 19 19 24 19 24 17 17 24 5 17 5 14 19 4 4 9 25 25 20 13 18 1 20 19 4 11 23 23 23 6 13
===24/100===
-35  14 19 19 24 19 24 17 5 24 5 17 0 12 19 4 4 9 25 25 20 13 18 1 25 1 2 14 21 26 14 2 2
-37  14 19 19 24 19 24 17 17 24 5 17 5 14 19 4 4 9 25 25 20 13 18 1 10 4 4 9 16 21 26 14 14
-37  14 19 19 24 19 24 17 5 24 5 17 7 12 19 4 4 9 25 20 20 13 13 8 8 20 15 8 1 23 23 16 11
===25/100===
-35  14 19 19 24 19 24 17 5 24 5 17 0 12 19 4 4 9 25 25 20 13 18 1 25 1 2 14 21 26 14 2 2
-35  14 26 19 24 19 24 17 5 24 5 17 0 12 19 4 4 9 25 25 20 13 18 1 25 1 2 14 21 26 14 2 2
-36  17 2 19 24 19 24 17 5 24 5 17 17 12 19 4 4 9 25 25 20 13 18 1 8 20 15 8 1 23 23 16 11
===26/100===
-35  14 19 19 24 19 24 17 5 24 5 17 0 12 19 4 4 9 25 25 20 13 18 1 25 1 2 14 21 26 14 2 2
-35  14 19 19 24 19 24 17 5 24 0 17 5 14 21 4 4 9 25 25 20 13 13 8 8 20 15 8 1 23 23 16 11
-35  14 19 19 24 19 24 17 5 24 5 17 0 12 19 4 4 9 25 20 20 25 13 8 8 20 15 8 1 23 23 16 11
===27/100===
-34  14 19 19 24 19 24 17 17 24 5 17 17 12 19 4 4 9 25 25 20 13 18 1 4 4 4 9 16 21 26 14 14
-35  14 19 19 24 19 24 17 5 24 5 17 0 12 19 4 4 9 25 25 20 13 18 1 25 1 2 14 21 26 14 2 2
-35  14 19 19 24 19 24 17 5 24 0 17 5 14 21 4 4 9 25 25 20 13 13 8 8 20 15 8 1 23 23 16 11
===28/100===
-34  14 19 19 24 19 24 17 17 24 5 17 17 12 19 4 4 9 25 25 20 13 18 1 4 4 4 9 16 21 26 14 14
-34  14 19 19 24 19 24 17 17 24 5 17 2 14 14 9 4 9 25 25 20 13 18 1 13 4 4 9 16 21 26 14 14
-35  14 26 19 24 19 24 17 5 24 5 17 0 12 19 4 4 9 18 25 20 13 18 1 25 1 2 14 21 26 14 2 2
===29/100===
-34  14 19 19 24 19 24 17 17 24 5 17 17 12 19 4 4 9 25 25 20 13 18 1 4 4 4 9 16 21 26 14 14
-34  14 26 19 24 19 24 17 5 24 5 17 0 12 19 4 21 9 25 20 20 13 13 8 8 1 4 4 16 21 26 14 14
-34  14 19 19 24 19 24 17 5 24 5 17 17 12 19 4 4 9 25 25 20 13 18 1 4 4 4 9 16 21 26 14 14
===30/100===
-33  14 19 19 24 19 24 17 17 24 5 17 12 12 19 4 4 9 25 25 20 13 13 8 8 20 15 8 1 18 23 16 11
-34  14 19 19 24 19 24 17 17 24 5 17 17 12 19 4 4 9 25 25 20 13 18 1 4 4 4 9 16 21 26 14 14
-34  14 26 19 24 19 24 17 5 24 5 17 0 12 19 4 21 9 25 20 20 13 8 8 8 1 4 4 16 21 26 14 14
===31/100===
-33  14 19 19 24 19 24 17 17 24 5 17 12 12 19 4 4 9 25 25 20 13 13 8 8 20 15 8 1 18 23 16 11
-33  14 2 19 24 19 24 24 5 24 5 17 17 12 19 4 4 9 25 25 20 13 18 1 8 20 15 8 1 6 23 16 11
-34  14 26 19 24 19 24 17 5 24 5 17 0 12 19 4 21 9 25 20 20 13 13 8 8 1 4 4 16 21 26 14 14
===32/100===
-33  14 19 19 24 19 24 17 17 24 5 17 12 12 19 4 4 9 25 25 20 13 13 8 8 20 15 8 1 18 23 16 11
-33  14 2 19 24 19 24 24 5 24 5 17 17 12 19 4 4 9 25 25 20 13 18 1 8 20 15 8 1 6 23 16 11
-33  14 26 19 24 19 24 17 5 24 5 17 0 12 19 4 4 9 25 20 20 13 13 8 8 20 15 8 1 18 23 16 11
===33/100===
-33  14 19 19 24 19 24 17 17 24 5 17 12 12 19 4 4 9 25 25 20 13 13 8 8 20 15 8 1 18 23 16 11
-33  14 2 19 24 19 24 24 5 24 5 17 17 12 19 4 4 9 25 25 20 13 18 1 8 20 15 8 1 6 23 16 11
-33  14 26 19 24 19 24 17 5 24 5 17 0 12 19 4 4 9 25 20 20 13 13 8 8 20 15 8 1 18 23 16 11
===34/100===
-33  14 19 19 24 19 24 17 17 24 5 17 12 12 19 4 4 9 25 25 20 13 13 8 8 20 15 8 1 18 23 16 11
-33  14 2 19 24 19 24 24 5 24 5 17 17 12 19 4 4 9 25 25 20 13 18 1 8 20 15 8 1 6 23 16 11
-33  14 26 19 24 19 24 17 5 24 5 17 0 12 19 4 4 9 25 20 20 13 13 8 8 20 15 8 1 18 23 16 11
===35/100===
-33  14 19 19 24 19 24 17 17 24 5 17 12 12 19 4 4 9 25 25 20 13 13 8 8 20 15 8 1 18 23 16 11
-33  14 19 19 24 19 24 17 5 24 5 17 5 12 19 4 4 9 25 25 20 13 18 1 18 11 4 11 23 23 23 6 13
-33  14 26 19 24 19 24 17 17 24 5 17 12 12 19 4 4 9 25 25 20 13 13 8 8 20 15 8 1 18 23 16 11
===36/100===
-33  14 19 19 24 19 24 17 17 24 5 17 12 12 19 4 4 9 25 25 20 13 13 8 8 20 15 8 1 18 23 16 11
-33  14 19 19 24 19 24 17 17 24 5 17 5 12 19 4 4 9 25 25 20 13 13 8 8 20 15 8 1 18 23 16 11
-33  14 2 19 24 19 24 24 5 24 5 24 24 12 19 4 4 9 25 25 20 13 18 1 13 20 20 13 1 18 23 16 11
===37/100===
-33  14 19 19 24 19 24 17 17 24 5 17 12 12 19 4 4 9 25 25 20 13 13 8 8 20 15 8 1 18 23 16 11
-33  14 19 19 24 17 24 17 5 24 5 17 17 12 16 23 4 9 25 25 20 13 13 8 8 20 15 8 1 18 23 16 11
-33  14 26 19 24 19 24 17 5 24 5 17 0 12 19 4 4 9 25 25 20 13 18 1 18 11 4 11 23 23 23 6 13
===38/100===
-33  14 19 19 24 19 24 17 17 24 5 17 12 12 19 4 4 9 25 25 20 13 13 8 8 20 15 8 1 18 23 16 11
-33  14 19 24 24 19 24 17 17 24 5 17 5 12 19 4 4 9 25 25 20 13 18 1 20 20 15 8 1 18 23 16 11
-33  14 2 19 24 24 24 17 5 24 5 17 0 12 19 4 4 9 25 25 20 13 18 1 18 23 4 11 23 23 23 6 13
===39/100===
-33  14 19 19 24 19 24 17 17 24 5 17 12 12 19 4 4 9 25 25 20 13 13 8 8 20 15 8 1 18 23 16 11
-33  14 2 19 24 19 24 24 5 24 5 17 17 12 19 4 4 9 25 25 20 13 18 1 8 20 15 8 1 6 23 16 11
-33  26 19 19 24 19 24 17 5 24 5 17 0 7 19 4 4 9 25 25 20 13 18 1 18 11 4 11 23 23 23 6 13
===40/100===
-33  14 19 19 24 19 24 17 17 24 5 17 12 12 19 4 4 9 25 25 20 13 13 8 8 20 15 8 1 18 23 16 11
-33  14 19 19 24 19 24 17 17 24 5 17 17 12 19 4 4 9 25 25 20 13 18 1 18 11 4 11 23 23 23 6 13
-33  7 19 19 24 19 24 17 5 24 5 17 17 12 16 23 4 9 25 25 20 13 13 8 8 20 15 8 1 18 23 16 11
===41/100===
-33  14 19 19 24 19 24 17 17 24 5 17 12 12 19 4 4 9 25 25 20 13 13 8 8 20 15 8 1 18 23 16 11
-33  14 2 19 24 24 24 17 5 24 5 17 0 7 19 4 4 9 25 25 13 13 18 1 18 11 4 11 23 23 23 6 13
-33  14 19 19 24 19 24 17 17 24 5 24 24 12 19 4 4 9 25 25 20 13 18 1 13 20 20 13 1 18 23 16 11
===42/100===
-32  14 19 19 24 19 24 17 17 24 5 24 17 12 16 23 18 1 18 18 6 13 13 8 8 20 15 8 1 18 23 16 11
-32  14 2 19 24 19 24 5 5 24 5 24 24 12 19 4 4 23 6 25 20 13 18 1 18 11 4 11 23 16 23 6 13
-33  14 26 19 24 19 24 17 5 24 5 17 0 12 19 4 4 9 25 25 20 8 13 8 8 20 15 8 1 18 23 16 11
===43/100===
-32  14 19 19 24 19 24 17 17 24 5 24 17 12 16 23 18 1 18 18 6 13 13 8 8 20 15 8 1 18 23 16 11
-32  14 26 19 14 19 24 17 5 24 5 17 0 12 19 4 4 11 18 25 20 13 18 23 4 4 4 9 16 21 26 14 14
-32  14 19 19 24 19 24 17 5 24 5 17 24 12 19 4 4 23 6 25 20 13 18 1 18 11 4 11 23 16 23 6 13
===44/100===
-32  14 19 19 24 19 24 17 17 24 5 24 17 12 16 23 18 1 18 18 6 13 13 8 8 20 15 8 1 18 23 16 11
-32  14 19 19 24 19 24 17 17 24 5 17 17 21 16 4 4 23 18 25 20 13 18 1 18 23 4 11 23 23 23 6 13
-32  14 19 19 24 19 24 17 17 24 0 17 5 12 19 4 4 23 18 25 20 13 13 8 8 20 15 8 1 18 23 16 11
===45/100===
-32  14 19 19 24 19 24 17 17 24 5 24 17 12 16 23 18 1 18 18 6 13 13 8 8 20 15 8 1 18 23 16 11
-32  14 19 19 24 19 24 17 5 24 0 17 5 12 19 4 4 23 18 25 20 13 13 8 8 20 15 8 1 18 23 16 11
-32  14 19 19 24 19 24 17 17 24 5 24 17 12 16 23 18 1 18 18 6 11 18 1 13 20 20 13 1 18 23 16 11
===46/100===
-32  14 19 19 24 19 24 17 17 24 5 24 17 12 16 23 18 1 18 18 6 13 13 8 8 20 15 8 1 18 23 16 11
-32  14 26 19 24 19 24 17 17 24 5 24 17 12 16 23 18 1 18 25 20 13 18 23 4 4 4 9 16 21 26 14 14
-32  14 19 19 24 19 24 17 5 24 5 17 24 12 19 4 4 23 6 25 20 13 6 1 18 11 4 11 23 16 23 6 13
===47/100===
-32  14 19 19 24 19 24 17 17 24 5 24 17 12 16 23 18 1 18 18 6 13 13 8 8 20 15 8 1 18 23 16 11
-32  14 19 19 24 19 24 17 17 24 5 24 17 12 16 23 18 1 18 18 6 13 13 8 8 20 15 8 1 18 23 16 11
-32  24 19 24 24 19 24 17 17 24 5 17 17 12 16 23 18 1 18 18 6 13 13 8 8 20 15 8 1 18 23 16 11
===48/100===
-32  14 19 19 24 19 24 17 17 24 5 24 17 12 16 23 18 1 18 18 6 13 13 8 8 20 15 8 1 18 23 16 11
-32  14 26 19 24 19 24 17 5 24 0 17 5 12 19 4 4 23 18 25 20 13 13 8 8 20 15 8 1 18 23 16 11
-32  14 19 19 0 19 24 17 5 24 5 17 24 12 19 4 4 23 6 25 20 13 6 1 18 11 4 11 23 16 23 6 13
===49/100===
-32  14 19 19 24 19 24 17 17 24 5 24 17 12 16 23 18 1 18 18 6 13 13 8 8 20 15 8 1 18 23 16 11
-32  14 19 19 24 19 24 17 17 24 5 24 17 12 16 23 18 1 18 18 23 11 18 1 25 20 15 8 1 6 23 16 11
-32  14 26 19 24 0 24 17 17 24 5 17 17 12 16 23 18 1 18 18 6 13 13 8 8 20 15 8 1 18 23 16 11
===50/100===
-32  14 19 19 24 19 24 17 17 24 5 24 17 12 16 23 18 1 18 18 6 13 13 8 8 20 15 8 1 18 23 16 11
-32  24 19 24 24 19 24 17 17 24 5 17 17 12 16 23 18 1 18 18 6 13 13 1 18 11 4 11 23 23 23 6 13
-32  14 19 19 0 19 24 17 5 24 5 17 24 12 19 4 4 23 6 25 20 13 6 1 18 11 4 11 23 16 23 6 13
===51/100===
-32  14 19 19 24 19 24 17 17 24 5 24 17 12 16 23 18 1 18 18 23 11 18 1 25 20 15 8 1 6 23 6 13
-32  26 19 19 24 19 24 17 5 24 5 17 0 12 19 14 18 1 18 25 20 13 13 8 8 20 15 8 1 18 23 16 11
-32  14 19 19 24 19 0 17 17 24 5 24 24 12 19 23 18 1 25 25 20 13 18 1 18 11 4 11 23 23 23 6 13
===52/100===
-32  14 19 19 24 19 24 17 17 24 5 24 17 12 16 23 18 1 18 18 23 11 18 1 25 20 15 8 1 6 23 6 13
-32  14 19 19 24 19 24 17 5 24 0 17 5 12 19 4 4 23 18 25 20 13 13 8 8 8 15 8 1 18 23 16 11
-32  14 19 19 24 19 24 17 17 24 5 24 17 12 16 23 18 1 18 18 6 11 18 1 13 20 20 13 1 18 23 16 11
===53/100===
-32  14 19 24 24 19 24 17 17 24 5 24 17 12 16 23 18 1 18 25 20 13 18 1 18 11 4 11 23 23 23 6 13
-32  14 19 19 24 19 24 17 17 24 5 17 17 12 19 4 4 23 18 25 20 20 13 8 8 20 15 8 1 18 23 16 11
-32  14 19 19 24 19 24 24 5 24 5 24 24 12 19 23 18 1 25 25 20 13 18 1 18 23 4 11 23 23 23 6 13
===54/100===
-32  14 2 19 24 19 24 17 17 24 5 17 17 12 16 23 18 1 18 18 6 13 13 8 8 20 15 8 1 18 23 16 11
-32  14 19 19 2 19 24 17 17 24 0 24 5 12 19 4 4 23 18 25 20 13 13 8 8 20 15 8 1 18 23 6 13
-32  14 26 19 14 19 24 17 5 24 0 17 0 12 19 4 4 11 18 25 20 13 18 23 4 4 4 9 16 21 26 14 14
===55/100===
-32  7 19 19 24 19 24 17 5 24 5 17 0 12 19 26 21 9 25 20 20 13 13 8 8 20 15 8 1 6 23 6 13
-32  14 19 7 24 19 24 17 17 24 5 17 12 12 19 4 4 23 18 25 20 13 13 8 8 20 15 8 1 18 23 16 11
-32  14 19 19 19 19 24 17 17 24 5 17 21 21 16 4 4 23 18 25 20 13 13 8 8 20 15 8 1 18 23 16 11
===56/100===
-32  7 19 19 24 19 24 17 5 24 5 17 0 12 19 26 21 9 25 20 20 13 13 8 8 20 15 8 1 6 23 6 13
-32  14 19 19 24 19 24 17 5 24 0 17 5 12 19 4 4 23 18 25 20 13 13 8 8 20 15 8 1 18 11 16 11
-32  14 19 19 19 19 24 17 17 24 5 17 17 21 16 4 4 23 18 25 20 13 18 1 8 20 15 8 1 18 23 16 11
===57/100===
-32  14 2 19 24 19 24 17 5 24 5 17 0 12 19 4 4 23 18 25 20 13 18 1 18 23 4 11 23 23 23 6 11
-32  24 19 19 24 19 24 24 5 24 5 24 24 12 19 23 18 1 25 25 20 13 13 8 8 20 15 8 1 18 23 16 11
-32  14 19 19 24 19 24 17 17 17 5 24 17 12 16 23 18 1 18 18 23 11 18 1 25 20 20 13 1 18 23 11 11
===58/100===
-32  14 19 19 24 19 24 17 5 24 0 17 5 12 19 4 4 23 18 25 20 13 13 8 8 20 15 8 25 18 23 16 11
-32  14 19 19 24 19 0 17 17 24 5 24 24 12 19 23 18 1 25 25 18 13 13 8 8 20 15 8 1 18 23 16 11
-32  14 19 19 24 19 24 17 17 24 5 17 17 12 19 4 4 23 18 25 20 20 13 8 1 20 15 8 1 18 23 16 11
===59/100===
-32  14 19 19 24 19 24 17 5 24 0 17 5 12 19 4 4 23 18 25 20 13 13 8 8 20 15 8 25 18 23 16 11
-32  14 19 19 19 19 24 17 17 24 5 17 17 21 16 4 4 23 18 25 20 13 18 1 18 23 4 11 23 18 23 16 11
-32  14 2 19 19 19 24 17 17 24 5 17 17 21 16 4 4 23 18 25 20 13 18 1 18 23 4 11 23 23 23 6 13
===60/100===
-32  14 19 19 26 19 24 17 17 24 5 17 17 21 16 4 11 23 18 25 20 13 18 1 18 23 4 11 23 23 23 6 11
-32  14 19 19 24 19 24 17 17 24 5 24 17 12 16 23 18 23 18 25 20 13 18 1 18 23 4 11 23 23 23 6 13
-32  14 19 19 24 19 24 17 5 24 0 17 17 21 16 4 4 23 18 25 20 13 18 1 18 23 4 11 23 23 23 6 13
===61/100===
-32  14 19 19 26 19 24 17 17 24 5 17 17 21 16 4 11 23 18 25 20 13 18 1 18 23 4 11 23 23 23 6 11
-32  21 26 19 24 19 24 17 17 24 5 0 17 12 16 23 18 23 18 25 20 13 25 1 18 11 4 11 16 21 26 14 14
-32  14 19 19 24 7 24 17 5 24 5 24 17 12 19 14 18 1 18 25 20 13 18 1 8 20 15 8 1 18 23 11 11
===62/100===
-32  14 19 19 26 19 24 17 17 24 5 17 17 21 16 4 11 23 18 25 20 13 18 1 18 23 4 11 23 23 23 6 11
-32  14 26 19 24 19 24 17 5 24 0 17 5 12 16 23 18 1 25 25 20 13 13 8 8 20 15 8 1 18 23 23 11
-32  14 19 19 24 7 24 17 5 24 17 24 17 12 19 14 18 1 18 25 20 13 18 1 18 11 4 11 23 23 23 6 13
===63/100===
-32  14 26 19 24 19 0 17 17 24 5 24 17 12 16 23 18 1 18 18 23 11 18 1 18 11 4 11 23 23 23 6 13
-32  26 19 19 24 19 24 17 5 24 5 17 17 12 19 4 4 23 18 25 20 8 3 20 8 20 15 8 1 18 23 16 21
-32  14 19 19 24 19 24 17 5 24 5 17 5 12 19 4 4 23 18 25 20 13 18 1 18 23 4 11 23 23 23 6 13
===64/100===
-32  14 19 19 24 19 24 17 17 24 5 24 24 12 19 23 18 1 25 25 20 13 13 8 8 20 15 8 1 18 23 16 11
-32  14 19 19 19 19 24 17 17 24 5 17 17 21 16 4 4 23 18 25 20 13 13 8 8 20 15 8 1 18 23 16 11
-32  14 2 7 12 24 24 17 17 24 5 24 17 12 16 23 18 23 18 25 20 13 18 1 18 23 4 11 23 23 23 6 13
===65/100===
-32  14 19 19 2 19 24 17 5 24 5 17 17 12 19 4 4 23 18 25 1 20 13 8 8 20 15 8 1 18 23 16 11
-32  14 19 19 24 19 24 17 17 24 5 24 17 12 16 23 18 25 18 18 23 11 18 1 25 20 15 8 1 6 23 16 11
-32  24 19 24 24 19 24 17 17 24 5 17 17 24 16 23 18 1 18 18 23 11 18 1 18 11 4 11 23 23 23 6 13
===66/100===
-32  14 19 19 24 19 24 17 17 24 5 24 17 12 19 4 4 23 18 25 20 8 13 20 8 20 15 8 1 18 23 16 11
-32  14 26 19 14 19 24 17 5 24 0 17 0 12 19 4 4 11 18 25 20 13 18 23 4 4 4 9 16 21 26 14 14
-32  19 19 19 24 19 0 17 17 24 5 5 24 12 19 23 18 1 25 25 18 13 25 8 8 20 15 8 1 18 23 16 11
===67/100===
-32  14 19 19 19 19 24 17 17 24 5 17 17 21 16 4 4 23 18 25 20 13 13 8 8 20 15 8 1 18 23 16 11
-32  14 19 19 24 7 24 17 5 24 12 24 19 12 19 14 18 1 18 25 20 13 18 1 18 11 4 11 23 23 23 6 13
-32  14 19 19 24 19 24 17 5 24 0 17 5 12 19 4 4 23 18 25 20 13 13 8 8 20 15 8 1 18 23 16 11
===68/100===
-32  14 2 19 24 19 24 17 17 24 5 24 17 12 16 23 18 23 18 25 20 13 18 1 18 23 4 11 23 18 23 16 11
-32  24 19 24 24 19 24 17 17 24 5 17 24 12 19 23 18 1 25 25 20 13 13 8 8 20 15 8 1 18 23 16 11
-32  14 19 24 24 0 24 17 17 24 5 24 17 12 16 23 18 1 18 25 20 13 18 23 4 23 4 9 16 21 26 14 14
===69/100===
-32  14 19 19 24 19 24 17 5 24 5 24 17 12 19 23 18 1 25 25 20 13 13 8 8 20 15 8 1 18 23 16 11
-32  14 19 19 24 19 0 17 5 24 24 24 24 12 19 23 18 1 25 25 20 13 13 8 8 20 15 8 1 18 23 16 11
-32  14 19 19 24 19 24 17 5 24 5 17 5 12 19 4 4 23 18 25 20 13 18 1 18 23 4 11 23 23 23 6 13
===70/100===
-32  14 19 19 19 19 24 17 5 24 5 24 17 12 16 23 18 1 18 18 6 11 18 1 13 20 20 13 1 18 23 16 11
-32  14 19 19 24 19 24 17 17 24 5 24 17 12 16 23 18 1 25 25 20 13 13 1 13 8 20 13 1 18 23 16 11
-32  14 19 19 24 19 24 17 5 24 0 17 5 12 16 23 18 1 18 18 6 25 13 8 8 20 15 8 1 18 23 16 11
===71/100===
-32  14 19 19 19 19 24 17 5 24 5 24 17 12 16 23 18 1 18 18 6 11 18 1 13 20 20 13 1 18 23 16 11
-32  14 2 7 12 24 24 17 5 24 5 17 0 12 19 26 21 9 6 25 20 13 18 1 18 11 4 11 23 16 23 6 13
-32  14 19 19 19 19 24 17 17 24 0 24 17 21 16 4 4 23 18 25 20 13 18 1 8 20 27 8 1 18 23 16 11
===72/100===
-32  14 19 19 24 7 24 17 17 24 5 24 17 12 16 23 18 1 18 25 20 13 13 8 8 20 15 8 1 18 23 16 11
-32  14 19 19 24 19 0 17 5 24 5 24 24 12 19 23 18 1 25 25 20 13 13 8 8 20 15 8 1 18 23 16 11
-32  14 19 19 24 19 24 17 5 24 5 17 24 12 19 4 4 23 6 25 20 13 6 1 18 11 6 11 23 16 23 16 21
===73/100===
-32  14 19 19 26 19 24 17 17 24 5 17 17 21 16 4 4 23 18 25 20 13 18 1 18 23 4 11 23 6 23 6 13
-32  14 19 19 24 19 24 17 17 24 5 5 17 12 16 23 18 18 18 18 23 11 18 1 18 11 4 11 23 23 23 6 13
-32  14 19 24 24 19 24 17 17 24 5 24 17 12 7 23 18 1 18 25 20 13 18 23 4 4 4 9 16 21 26 14 14
===74/100===
-32  14 19 19 24 19 24 17 17 24 5 17 17 12 19 14 18 1 18 25 20 13 13 8 8 20 15 8 1 18 11 16 11
-32  14 19 19 24 19 24 24 5 24 5 24 24 12 19 23 18 1 25 25 20 13 13 13 8 20 15 8 1 18 23 16 11
-32  14 19 19 24 19 0 17 5 24 5 24 24 12 19 23 18 1 25 25 20 13 13 8 8 20 15 8 1 18 23 16 11
===75/100===
-32  14 19 19 24 19 24 17 17 24 5 24 17 12 16 23 18 1 18 25 20 13 13 8 8 20 15 8 1 18 23 6 13
-32  26 19 19 24 19 24 17 17 24 5 24 17 12 16 23 18 1 18 18 6 11 18 1 13 20 20 13 1 18 23 16 11
-32  14 19 19 24 19 0 17 17 24 5 24 24 12 19 23 18 1 25 25 20 13 18 1 18 11 4 11 23 23 23 6 13
===76/100===
-32  24 19 19 0 19 24 17 17 24 5 24 17 12 16 23 18 1 18 25 20 13 13 8 8 20 15 8 1 18 11 16 11
-32  14 19 19 24 17 24 17 17 24 5 24 24 12 19 4 4 23 18 25 20 13 13 8 8 20 15 8 1 18 23 16 11
-32  14 19 19 19 19 24 17 17 24 5 17 17 21 16 4 4 23 6 25 20 13 18 1 18 23 4 11 23 18 23 16 11
===77/100===
-32  14 19 24 24 0 24 17 17 24 5 24 17 12 16 23 18 1 25 25 20 13 13 8 8 20 15 8 1 18 23 16 16
-32  14 19 19 24 19 24 17 5 24 0 17 0 12 4 4 4 11 18 1 20 13 18 1 18 11 4 11 23 23 18 6 13
-32  14 19 19 24 19 0 17 17 24 5 24 24 12 19 23 18 1 25 25 20 13 18 1 18 11 4 11 23 23 23 6 13
===78/100===
-32  24 19 24 24 19 24 17 17 24 5 17 24 12 19 23 18 1 25 25 20 13 13 8 8 20 15 8 1 18 23 16 11
-32  14 19 24 24 12 24 17 17 24 5 17 17 12 16 23 18 1 18 18 6 13 13 8 8 20 27 8 1 18 23 16 11
-32  14 19 24 24 12 24 17 17 24 5 17 12 12 16 23 18 1 18 25 18 25 20 8 8 20 15 8 1 18 23 23 11
===79/100===
-32  14 19 19 24 19 24 17 17 24 5 24 17 12 19 4 4 11 18 25 20 13 8 1 18 11 4 11 23 23 23 6 13
-32  14 19 19 0 19 24 17 17 24 5 24 17 12 16 23 18 1 25 25 20 13 13 8 8 20 15 8 1 18 23 16 11
-32  14 19 19 24 19 24 17 17 24 5 17 17 12 19 4 4 23 18 25 20 13 13 8 8 15 15 8 1 18 23 16 11
===80/100===
-32  24 19 24 24 19 24 17 17 24 5 17 17 12 16 23 18 1 18 18 6 13 13 1 18 11 4 11 23 16 23 6 13
-32  14 19 19 24 19 0 17 17 24 5 24 24 12 19 23 18 1 25 25 20 13 18 1 18 23 4 11 23 23 23 18 13
-32  14 19 19 2 19 24 24 5 24 0 17 5 12 16 23 18 1 18 25 20 13 13 8 8 20 15 8 1 18 23 16 11
===81/100===
-32  24 19 24 24 19 24 17 17 24 5 24 17 12 16 23 18 1 18 18 6 11 18 1 13 20 20 13 1 18 23 16 11
-32  14 19 24 24 12 12 17 17 24 5 17 17 12 16 23 18 1 18 25 20 25 20 8 8 20 15 8 1 18 23 23 11
-32  14 19 24 24 12 24 17 17 24 5 17 12 12 16 23 18 1 18 18 6 13 13 8 8 20 15 8 1 18 23 16 11
===82/100===
-32  14 19 19 24 19 24 17 17 24 17 24 17 12 16 23 18 1 18 25 20 13 18 23 4 4 4 9 16 21 26 14 14
-32  14 19 19 24 19 24 17 17 24 5 24 17 12 16 23 18 1 18 18 6 13 13 8 8 20 15 8 1 18 23 16 11
-32  14 19 19 24 19 0 17 17 24 5 24 24 12 19 23 18 1 25 25 20 13 18 1 18 23 4 11 23 23 23 18 13
===83/100===
-32  14 19 19 24 7 24 17 17 24 5 24 17 12 16 23 18 1 18 18 6 13 13 8 8 20 15 8 1 18 23 16 11
-32  14 19 19 24 19 24 17 5 24 0 17 0 12 4 4 4 11 18 1 20 13 18 1 18 11 4 11 23 23 18 6 13
-32  24 19 24 24 19 24 17 17 24 17 17 17 24 16 23 18 1 18 18 23 11 18 18 18 11 4 11 23 18 23 16 11
===84/100===
-32  14 19 19 24 19 24 17 17 24 5 24 17 12 16 23 18 1 18 18 6 11 18 1 13 20 20 13 1 18 23 16 11
-32  14 19 19 7 19 0 17 5 24 5 24 24 12 19 23 18 1 25 25 20 20 13 8 8 20 15 8 1 18 23 16 11
-32  14 19 19 24 19 24 24 5 24 5 24 24 12 19 23 18 1 25 25 20 13 13 8 8 20 15 8 1 18 23 16 11
===85/100===
-32  14 19 19 24 19 24 5 17 24 19 24 17 12 16 23 18 1 18 13 6 11 18 1 13 20 20 13 1 18 23 16 11
-32  14 2 7 12 24 24 17 5 24 5 17 0 12 19 26 21 9 6 25 20 13 18 1 18 11 4 11 23 16 23 6 13
-32  14 19 19 24 19 24 5 17 24 5 24 17 12 16 23 18 1 25 25 20 13 13 1 13 20 20 13 1 18 23 16 11
===86/100===
-32  14 19 19 24 19 24 17 17 24 5 24 17 12 16 23 18 1 18 18 6 13 13 8 8 20 15 8 1 18 23 16 11
-32  14 26 19 24 17 24 24 5 24 5 24 24 12 16 23 18 1 25 25 18 13 13 8 8 20 15 8 1 18 23 16 11
-32  14 19 19 24 19 24 17 17 24 5 24 17 12 16 23 18 1 18 25 20 13 18 23 4 4 4 9 16 21 26 14 14
===87/100===
-32  14 19 19 24 19 0 17 17 24 5 24 24 7 19 23 18 1 25 25 20 13 18 1 25 20 20 13 1 18 23 16 11
-32  14 2 19 24 24 24 17 17 24 5 17 17 12 19 23 18 1 18 18 6 13 13 8 8 20 15 8 1 18 23 16 11
-32  14 19 24 24 12 12 17 17 24 5 17 17 12 16 23 18 1 18 25 20 25 20 8 8 20 15 8 1 18 23 23 11
===88/100===
-32  14 19 19 24 19 24 17 17 24 5 24 17 12 16 23 18 23 18 18 6 11 18 1 13 20 20 13 1 18 23 16 11
-32  26 19 19 7 19 24 24 5 24 0 24 24 12 19 23 18 1 25 25 20 13 13 1 13 20 20 13 1 18 23 16 11
-32  14 26 19 24 19 24 17 17 24 5 24 17 12 16 11 18 1 25 25 20 13 18 1 18 11 4 11 23 23 23 6 13
===89/100===
-32  14 19 19 24 19 24 17 17 24 5 24 17 12 16 23 18 23 18 18 6 11 18 1 13 20 20 13 1 18 23 16 11
-32  14 19 19 24 7 24 17 17 5 12 24 17 12 16 23 18 1 18 25 20 13 18 23 4 4 4 9 16 21 26 14 14
-32  14 26 19 14 19 24 17 5 24 5 17 0 12 19 4 4 11 18 25 20 13 13 8 8 20 15 8 1 18 23 16 11
===90/100===
-32  14 19 19 24 7 24 17 17 24 5 24 17 21 16 4 4 23 6 25 20 13 6 1 18 11 6 11 23 16 23 16 21
-32  14 19 19 12 19 24 17 5 24 5 17 24 12 19 4 4 23 18 25 20 13 13 8 8 20 15 8 1 18 23 6 13
-32  14 19 19 7 19 24 24 5 24 0 24 24 12 19 23 18 1 18 25 20 13 18 18 18 23 4 11 23 23 23 6 13
===91/100===
-32  26 19 19 24 19 0 17 17 24 24 17 17 21 16 4 4 23 18 25 20 13 13 8 8 20 15 8 1 18 23 16 11
-32  14 19 19 24 12 24 17 17 24 5 17 17 12 16 23 18 1 18 25 13 25 20 8 8 20 15 8 1 18 23 23 11
-32  14 19 19 24 19 24 17 17 24 5 24 17 12 16 11 18 1 25 25 20 13 18 1 18 11 4 11 23 23 23 6 13
===92/100===
-32  24 0 24 24 19 24 17 17 24 5 17 17 12 16 23 18 23 18 25 20 13 13 8 8 20 15 8 1 18 23 16 11
-32  14 2 19 26 19 24 17 17 24 5 17 17 21 16 4 11 23 18 25 20 13 18 1 18 23 4 11 23 23 23 6 13
-32  14 26 19 24 5 24 24 5 24 5 17 17 12 16 23 18 1 18 18 23 11 18 1 18 11 4 11 23 23 23 6 13
===93/100===
-32  24 19 24 24 19 24 17 17 24 5 17 17 12 4 23 18 1 18 18 6 13 13 13 8 20 15 8 1 18 23 16 11
-32  14 19 19 2 19 24 24 5 24 5 24 24 12 19 23 18 1 25 25 18 13 13 8 8 20 15 8 1 18 23 16 11
-32  14 19 19 24 12 24 17 17 24 5 17 17 12 16 23 18 1 18 25 13 25 20 8 8 20 15 8 1 18 23 23 11
===94/100===
-32  14 19 19 24 19 24 17 17 24 5 24 17 12 16 23 18 13 18 18 6 11 18 1 13 20 20 25 1 18 23 16 11
-32  26 19 19 24 19 24 17 17 24 5 17 17 12 16 23 18 1 18 6 6 13 13 8 8 20 15 8 1 18 23 16 23
-32  14 19 19 24 19 24 17 17 24 5 24 17 12 16 23 18 13 18 18 23 11 18 1 25 20 15 8 1 6 23 16 11
===95/100===
-32  0 19 19 24 19 24 17 17 24 5 24 17 12 16 23 18 1 18 18 6 11 18 1 18 11 4 11 23 16 23 6 13
-32  14 19 19 24 19 0 17 17 24 5 24 24 12 19 23 18 1 25 25 20 13 18 1 13 20 20 13 1 18 23 6 11
-32  14 19 19 24 12 24 17 17 24 5 17 17 12 16 23 18 1 18 25 13 25 20 8 8 20 15 8 1 18 23 23 11
===96/100===
-32  14 19 12 24 19 24 17 17 24 0 17 5 12 19 4 4 23 18 25 20 13 13 8 8 20 15 20 1 18 11 16 11
-32  14 19 19 0 0 24 17 17 24 5 24 17 12 16 23 18 1 25 25 20 13 13 8 8 20 15 8 1 18 23 16 11
-32  14 19 24 24 12 24 17 17 24 5 17 0 12 19 26 21 9 25 20 20 13 13 8 8 20 15 8 1 18 23 16 11
===97/100===
-32  24 19 19 12 19 24 17 17 24 5 17 17 12 16 4 4 23 18 25 20 13 13 8 8 20 27 8 1 18 11 16 11
-32  14 19 19 24 19 24 17 17 24 5 24 17 12 16 23 18 1 13 18 11 11 18 1 13 20 20 13 1 18 23 16 11
-32  14 19 19 7 19 24 24 5 24 5 24 24 12 19 23 18 1 18 25 20 13 18 1 8 20 15 8 1 18 23 16 11
===98/100===
-32  14 19 19 19 19 24 17 17 24 5 24 17 12 16 23 18 1 25 25 20 13 13 8 8 20 15 8 1 18 23 16 11
-32  14 19 19 24 19 24 17 17 24 5 24 17 12 16 23 18 1 25 25 20 13 13 1 13 20 20 8 1 18 23 16 11
-32  14 19 19 24 19 24 17 17 24 5 24 17 12 16 23 18 13 18 18 23 11 18 1 25 20 15 8 1 6 23 16 11
===99/100===
-32  14 19 19 24 19 24 17 17 24 5 17 17 12 16 23 18 1 25 25 20 13 13 8 8 20 20 8 1 18 23 16 11
-32  14 19 19 19 19 24 17 17 24 5 17 17 21 16 4 4 23 18 25 20 13 18 1 18 11 4 9 16 21 26 14 14
-32  14 2 19 19 19 24 17 17 24 5 17 17 21 16 4 4 23 18 25 20 13 13 8 8 20 15 8 1 18 23 16 11
